# RunNo. E_0 Total Energy (all MeV)  Detector 0  Detector 1  Detector 2  Detector 3  Detector 4  Detector 5 
0 0.01 0 0 0 0 0 0 0 
1 0.02 0 0 0 0 0 0 0 
2 0.03 0.0180997 0.0180997 0 0 0 0 0 
3 0.04 0.0313493 0.0242018 0.0071475 0 0 0 0 
4 0.05 0.103514 0.0699767 0.0335368 0 0 0 0 
5 0.06 0.323593 0.176791 0.146802 0 0 0 0 
6 0.07 0.496389 0.34912 0.147269 0 0 0 0 
7 0.08 0.530359 0.252116 0.278243 0 0 0 0 
8 0.09 0.809481 0.464023 0.345458 0 0 0 0 
9 0.1 0.911129 0.445196 0.465933 0 0 0 0 
10 0.11 1.44339 0.512451 0.930939 0 0 0 0 
11 0.12 1.64876 0.656111 0.992649 0 0 0 0 
12 0.13 1.91386 0.79894 1.03381 0.0811081 0 0 0 
13 0.14 2.54188 1.07228 1.4696 0 0 0 0 
14 0.15 2.69395 1.13624 1.55771 0 0 0 0 
15 0.16 2.98104 1.46397 1.51065 0.00641607 0 0 0 
16 0.17 3.18735 1.4377 1.74965 0 0 0 0 
17 0.18 4.91802 1.8392 2.99111 0.087718 0 0 0 
18 0.19 5.73804 2.56018 3.14134 0.0365219 0 0 0 
19 0.2 5.01165 2.54619 2.37077 0.0323273 0.0623638 0 0 
