# RunNo. E_0 Total Energy (all MeV)  Detector 0  Detector 1  Detector 2  Detector 3  Detector 4  Detector 5 
0 0.01 0.02 0.02 0 0 0 0 0 
1 0.02 255.469 214.919 40.5505 0 0 0 0 
2 0.03 876.117 401.845 474.273 0 0 0 0 
3 0.04 1108.09 411.821 696.273 0 0 0 0 
4 0.05 1256.67 431.411 825.257 0 0 0 0 
5 0.06 1420.94 485.08 935.86 0 0 0 0 
6 0.07 1603.76 547.244 1056.52 0 0 0 0 
7 0.08 1820.8 626.254 1194.22 0.332697 0 0 0 
8 0.09 2038.85 711.342 1321.63 5.88133 0 0 0 
9 0.1 2260.46 803.911 1433.01 23.4584 0.0785673 0 0 
10 0.1 2260.84 810.868 1426 23.4593 0.506076 0 0 
11 0.2 7331.32 1879.19 2582.06 1889.63 980.132 0.30352 0 
12 0.3 13932.7 2972.55 3712.2 3877.36 3240.59 126.709 3.25985 
13 0.4 19953 3995.25 4865.89 5152.86 4960.65 886.757 91.5906 
14 0.5 25702.8 4906.7 6092.61 6200.46 6114.29 2054.51 334.26 
15 0.6 31529.2 5895.43 7402.56 7069.61 7281.28 3217.58 662.74 
16 0.7 36757.8 6822.06 8554.1 7812.4 8218.68 4294.01 1056.59 
17 0.8 41980 7713.92 9782.97 8736.72 9027.7 5335.02 1383.66 
18 0.9 47125.7 8513.05 11066.7 9578.52 9996.97 6298.1 1672.33 
19 1 51685.2 9361.56 12240.7 10175.6 10772.7 7149.06 1985.53 
