# RunNo. E_0 Total Energy (all MeV)  Detector 0  Detector 1  Detector 2  Detector 3  Detector 4  Detector 5 
0 0.01 1801.66 1752.57 49.0905 0 0 0 0 
1 0.02 1898.7 1075.92 689.572 133.202 0 0 0 
2 0.03 1868.71 628.505 561.393 678.809 0 0 0 
3 0.04 1759.57 488.226 469.924 801.425 0 0 0 
4 0.05 1820.16 468.809 461.891 889.463 0 0 0 
5 0.06 1982.61 498.337 502.202 982.073 0 0 0 
6 0.07 2214.44 555.314 557.075 1102.05 0 0 0 
7 0.08 2476.34 633.689 636.463 1205.37 0.810345 0 0 
8 0.09 2775.08 719.457 717.196 1332.26 6.16414 0 0 
9 0.1 3098.56 806.496 810.545 1448.34 33.1783 0 0 
10 0.1 3091.91 802.26 802.606 1456.18 30.8653 0 0 
11 0.2 8663.44 1870.75 1858.53 2592.99 2292.7 48.4617 0 
12 0.3 15984 2974.92 2976.2 3728.2 4730.05 1531.89 42.7039 
13 0.4 24131.2 3983.18 4000.65 4875.78 6215.91 4532.88 522.769 
14 0.5 32394.8 4672.87 4966.34 6149.95 7329.06 7677.44 1599.18 
15 0.6 39602.2 5026.33 5821.07 7331.11 8278.37 10337.7 2807.65 
16 0.7 46207.3 5126.39 6802.92 8599.7 9143.02 12525.6 4009.63 
17 0.8 51930.4 5068.19 7587.82 9799.9 10085.1 14440.3 4949.07 
18 0.9 57498.3 4985.27 8558.68 10976.7 10986 16232.2 5759.47 
19 1 62725.1 4842.64 9236.41 12347.7 11898 17855.1 6545.21 
